           * c:\users\acer\esim-workspace\abdulmannan\abdulmannan.cir
           Transient Analysis  Tue Oct 04 12:17:58  2022
--------------------------------------------------------------------------------
Index   time            a2#branch_1_0   v1#branch       v2#branch       
--------------------------------------------------------------------------------
0	0.000000e+00	-9.38809e-50	0.000000e+00	0.000000e+00	
1	1.000000e-06	-1.31681e-51	0.000000e+00	0.000000e+00	
2	2.000000e-06	-3.07505e-53	0.000000e+00	0.000000e+00	
3	4.000000e-06	5.098213e-54	0.000000e+00	0.000000e+00	
4	8.000000e-06	-4.45341e-54	0.000000e+00	0.000000e+00	
5	1.600000e-05	4.460148e-54	0.000000e+00	0.000000e+00	
6	3.200000e-05	-4.45995e-54	0.000000e+00	0.000000e+00	
7	6.400000e-05	4.459985e-54	0.000000e+00	0.000000e+00	
8	1.000000e-04	-4.45998e-54	0.000000e+00	0.000000e+00	
9	1.064000e-04	2.115873e-62	0.000000e+00	0.000000e+00	
10	1.192000e-04	-2.11611e-62	0.000000e+00	0.000000e+00	
11	1.448000e-04	2.116095e-62	0.000000e+00	0.000000e+00	
12	1.960000e-04	-2.11609e-62	0.000000e+00	0.000000e+00	
13	2.984000e-04	2.116095e-62	0.000000e+00	0.000000e+00	
14	2.984020e-04	-2.11622e-62	0.000000e+00	0.000000e+00	
15	2.984021e-04	8.877100e-14	0.000000e+00	0.000000e+00	
16	2.984023e-04	8.871896e-14	0.000000e+00	0.000000e+00	
17	2.984027e-04	8.876927e-14	0.000000e+00	0.000000e+00	
18	2.984030e-04	8.872764e-14	0.000000e+00	0.000000e+00	
19	2.984031e-04	-3.12250e-17	0.000000e+00	0.000000e+00	
20	2.984032e-04	3.469447e-17	0.000000e+00	0.000000e+00	
21	2.984036e-04	-3.46945e-17	0.000000e+00	0.000000e+00	
22	2.984042e-04	2.775558e-17	0.000000e+00	0.000000e+00	
23	2.984055e-04	-3.46945e-17	0.000000e+00	0.000000e+00	
24	2.984080e-04	3.122502e-17	0.000000e+00	0.000000e+00	
25	2.984132e-04	-3.12250e-17	0.000000e+00	0.000000e+00	
26	2.984234e-04	3.469447e-17	0.000000e+00	0.000000e+00	
27	2.984439e-04	-3.46945e-17	0.000000e+00	0.000000e+00	
28	2.984848e-04	3.122502e-17	0.000000e+00	0.000000e+00	
29	2.985668e-04	-3.46945e-17	0.000000e+00	0.000000e+00	
30	2.987306e-04	2.775558e-17	0.000000e+00	0.000000e+00	
31	2.990583e-04	-3.46945e-17	0.000000e+00	0.000000e+00	
32	2.997136e-04	2.775558e-17	0.000000e+00	0.000000e+00	
33	3.010244e-04	-3.46945e-17	0.000000e+00	0.000000e+00	
34	3.036458e-04	2.775558e-17	0.000000e+00	0.000000e+00	
35	3.088887e-04	-3.46945e-17	0.000000e+00	0.000000e+00	
36	3.193744e-04	3.122502e-17	0.000000e+00	0.000000e+00	
37	3.403460e-04	-3.46945e-17	0.000000e+00	0.000000e+00	
38	3.822890e-04	3.469447e-17	0.000000e+00	0.000000e+00	
39	4.000000e-04	-3.81639e-17	0.000000e+00	0.000000e+00	
40	4.083886e-04	-3.46945e-18	0.000000e+00	0.000000e+00	
41	4.251658e-04	-3.46945e-18	0.000000e+00	0.000000e+00	
42	4.587203e-04	-3.46945e-18	0.000000e+00	0.000000e+00	
43	5.258291e-04	-6.93889e-18	0.000000e+00	0.000000e+00	
44	6.600468e-04	0.000000e+00	0.000000e+00	0.000000e+00	
45	8.600468e-04	-3.46945e-18	0.000000e+00	0.000000e+00	
46	1.060047e-03	-3.46945e-18	0.000000e+00	0.000000e+00	
47	1.260047e-03	-3.46945e-18	0.000000e+00	0.000000e+00	
48	1.460047e-03	-3.46945e-18	0.000000e+00	0.000000e+00	
49	1.660047e-03	-3.46945e-18	0.000000e+00	0.000000e+00	
50	1.860047e-03	-3.46945e-18	0.000000e+00	0.000000e+00	
51	2.060047e-03	-3.46945e-18	0.000000e+00	0.000000e+00	
52	2.260047e-03	-3.46945e-18	0.000000e+00	0.000000e+00	
53	2.460047e-03	-3.46945e-18	0.000000e+00	0.000000e+00	
54	2.660047e-03	-3.46945e-18	0.000000e+00	0.000000e+00	

Index   time            a2#branch_1_0   v1#branch       v2#branch       
--------------------------------------------------------------------------------
55	2.860047e-03	-3.46945e-18	0.000000e+00	0.000000e+00	
56	3.060047e-03	-3.46945e-18	0.000000e+00	0.000000e+00	
57	3.260047e-03	-3.46945e-18	0.000000e+00	0.000000e+00	
58	3.460047e-03	-3.46945e-18	0.000000e+00	0.000000e+00	
59	3.660047e-03	-3.46945e-18	0.000000e+00	0.000000e+00	
60	3.860047e-03	-3.46945e-18	0.000000e+00	0.000000e+00	
61	4.060047e-03	-3.46945e-18	0.000000e+00	0.000000e+00	
62	4.260047e-03	-3.46945e-18	0.000000e+00	0.000000e+00	
63	4.460047e-03	-3.46945e-18	0.000000e+00	0.000000e+00	
64	4.660047e-03	-3.46945e-18	0.000000e+00	0.000000e+00	
65	4.860047e-03	-3.46945e-18	0.000000e+00	0.000000e+00	
66	5.060047e-03	-3.46945e-18	0.000000e+00	0.000000e+00	
67	5.260047e-03	-3.46945e-18	0.000000e+00	0.000000e+00	
68	5.400000e-03	3.469447e-18	0.000000e+00	0.000000e+00	
69	5.420000e-03	3.469447e-18	0.000000e+00	0.000000e+00	
70	5.460000e-03	3.469447e-18	0.000000e+00	0.000000e+00	
71	5.540000e-03	-6.93889e-18	0.000000e+00	0.000000e+00	
72	5.700000e-03	0.000000e+00	0.000000e+00	0.000000e+00	
73	5.700002e-03	0.000000e+00	0.000000e+00	0.000000e+00	
74	5.700002e-03	-8.87727e-14	0.000000e+00	0.000000e+00	
75	5.700002e-03	-8.87172e-14	0.000000e+00	0.000000e+00	
76	5.700003e-03	-8.87701e-14	0.000000e+00	0.000000e+00	
77	5.700003e-03	-8.87172e-14	0.000000e+00	0.000000e+00	
78	5.700003e-03	3.369525e-17	0.000000e+00	0.000000e+00	
79	5.700003e-03	-3.37208e-17	0.000000e+00	0.000000e+00	
80	5.700004e-03	3.373365e-17	0.000000e+00	0.000000e+00	
81	5.700004e-03	-3.37401e-17	0.000000e+00	0.000000e+00	
82	5.700005e-03	3.374326e-17	0.000000e+00	0.000000e+00	
83	5.700008e-03	-3.37449e-17	0.000000e+00	0.000000e+00	
84	5.700013e-03	3.374566e-17	0.000000e+00	0.000000e+00	
85	5.700023e-03	-3.37461e-17	0.000000e+00	0.000000e+00	
86	5.700044e-03	3.374626e-17	0.000000e+00	0.000000e+00	
87	5.700085e-03	-3.37464e-17	0.000000e+00	0.000000e+00	
88	5.700167e-03	3.374641e-17	0.000000e+00	0.000000e+00	
89	5.700331e-03	-3.37464e-17	0.000000e+00	0.000000e+00	
90	5.700658e-03	3.374645e-17	0.000000e+00	0.000000e+00	
91	5.701314e-03	-3.37465e-17	0.000000e+00	0.000000e+00	
92	5.702624e-03	3.374646e-17	0.000000e+00	0.000000e+00	
93	5.705246e-03	-3.37465e-17	0.000000e+00	0.000000e+00	
94	5.710489e-03	3.374646e-17	0.000000e+00	0.000000e+00	
95	5.720974e-03	-3.37465e-17	0.000000e+00	0.000000e+00	
96	5.741946e-03	3.374646e-17	0.000000e+00	0.000000e+00	
97	5.783889e-03	-3.37465e-17	0.000000e+00	0.000000e+00	
98	5.867775e-03	3.374646e-17	0.000000e+00	0.000000e+00	
99	6.035547e-03	-3.37465e-17	0.000000e+00	0.000000e+00	
100	6.235547e-03	3.374646e-17	0.000000e+00	0.000000e+00	
101	6.435547e-03	-3.37465e-17	0.000000e+00	0.000000e+00	
102	6.635547e-03	3.374646e-17	0.000000e+00	0.000000e+00	
103	6.835547e-03	-3.37465e-17	0.000000e+00	0.000000e+00	
104	7.035547e-03	3.374646e-17	0.000000e+00	0.000000e+00	
105	7.235547e-03	-3.37465e-17	0.000000e+00	0.000000e+00	
106	7.435547e-03	3.374646e-17	0.000000e+00	0.000000e+00	
107	7.635547e-03	-3.37465e-17	0.000000e+00	0.000000e+00	
108	7.835547e-03	3.374646e-17	0.000000e+00	0.000000e+00	
109	8.035547e-03	-3.37465e-17	0.000000e+00	0.000000e+00	
110	8.235547e-03	3.374646e-17	0.000000e+00	0.000000e+00	
111	8.435547e-03	-3.37465e-17	0.000000e+00	0.000000e+00	
112	8.635547e-03	3.374646e-17	0.000000e+00	0.000000e+00	

Index   time            a2#branch_1_0   v1#branch       v2#branch       
--------------------------------------------------------------------------------
113	8.835547e-03	-3.37465e-17	0.000000e+00	0.000000e+00	
114	9.035547e-03	3.374646e-17	0.000000e+00	0.000000e+00	
115	9.235547e-03	-3.37465e-17	0.000000e+00	0.000000e+00	
116	9.435547e-03	3.374646e-17	0.000000e+00	0.000000e+00	
117	9.635547e-03	-3.37465e-17	0.000000e+00	0.000000e+00	
118	9.835547e-03	3.374646e-17	0.000000e+00	0.000000e+00	
119	1.000000e-02	-3.37465e-17	0.000000e+00	0.000000e+00	

           * c:\users\acer\esim-workspace\abdulmannan\abdulmannan.cir
           Transient Analysis  Tue Oct 04 12:17:58  2022
--------------------------------------------------------------------------------
Index   time            v3#branch       
--------------------------------------------------------------------------------
0	0.000000e+00	0.000000e+00	
1	1.000000e-06	0.000000e+00	
2	2.000000e-06	0.000000e+00	
3	4.000000e-06	0.000000e+00	
4	8.000000e-06	0.000000e+00	
5	1.600000e-05	0.000000e+00	
6	3.200000e-05	0.000000e+00	
7	6.400000e-05	0.000000e+00	
8	1.000000e-04	0.000000e+00	
9	1.064000e-04	0.000000e+00	
10	1.192000e-04	0.000000e+00	
11	1.448000e-04	0.000000e+00	
12	1.960000e-04	0.000000e+00	
13	2.984000e-04	0.000000e+00	
14	2.984020e-04	0.000000e+00	
15	2.984021e-04	0.000000e+00	
16	2.984023e-04	0.000000e+00	
17	2.984027e-04	0.000000e+00	
18	2.984030e-04	0.000000e+00	
19	2.984031e-04	0.000000e+00	
20	2.984032e-04	0.000000e+00	
21	2.984036e-04	0.000000e+00	
22	2.984042e-04	0.000000e+00	
23	2.984055e-04	0.000000e+00	
24	2.984080e-04	0.000000e+00	
25	2.984132e-04	0.000000e+00	
26	2.984234e-04	0.000000e+00	
27	2.984439e-04	0.000000e+00	
28	2.984848e-04	0.000000e+00	
29	2.985668e-04	0.000000e+00	
30	2.987306e-04	0.000000e+00	
31	2.990583e-04	0.000000e+00	
32	2.997136e-04	0.000000e+00	
33	3.010244e-04	0.000000e+00	
34	3.036458e-04	0.000000e+00	
35	3.088887e-04	0.000000e+00	
36	3.193744e-04	0.000000e+00	
37	3.403460e-04	0.000000e+00	
38	3.822890e-04	0.000000e+00	
39	4.000000e-04	0.000000e+00	
40	4.083886e-04	0.000000e+00	
41	4.251658e-04	0.000000e+00	
42	4.587203e-04	0.000000e+00	
43	5.258291e-04	0.000000e+00	
44	6.600468e-04	0.000000e+00	
45	8.600468e-04	0.000000e+00	
46	1.060047e-03	0.000000e+00	
47	1.260047e-03	0.000000e+00	
48	1.460047e-03	0.000000e+00	
49	1.660047e-03	0.000000e+00	
50	1.860047e-03	0.000000e+00	
51	2.060047e-03	0.000000e+00	
52	2.260047e-03	0.000000e+00	
53	2.460047e-03	0.000000e+00	
54	2.660047e-03	0.000000e+00	

Index   time            v3#branch       
--------------------------------------------------------------------------------
55	2.860047e-03	0.000000e+00	
56	3.060047e-03	0.000000e+00	
57	3.260047e-03	0.000000e+00	
58	3.460047e-03	0.000000e+00	
59	3.660047e-03	0.000000e+00	
60	3.860047e-03	0.000000e+00	
61	4.060047e-03	0.000000e+00	
62	4.260047e-03	0.000000e+00	
63	4.460047e-03	0.000000e+00	
64	4.660047e-03	0.000000e+00	
65	4.860047e-03	0.000000e+00	
66	5.060047e-03	0.000000e+00	
67	5.260047e-03	0.000000e+00	
68	5.400000e-03	0.000000e+00	
69	5.420000e-03	0.000000e+00	
70	5.460000e-03	0.000000e+00	
71	5.540000e-03	0.000000e+00	
72	5.700000e-03	0.000000e+00	
73	5.700002e-03	0.000000e+00	
74	5.700002e-03	0.000000e+00	
75	5.700002e-03	0.000000e+00	
76	5.700003e-03	0.000000e+00	
77	5.700003e-03	0.000000e+00	
78	5.700003e-03	0.000000e+00	
79	5.700003e-03	0.000000e+00	
80	5.700004e-03	0.000000e+00	
81	5.700004e-03	0.000000e+00	
82	5.700005e-03	0.000000e+00	
83	5.700008e-03	0.000000e+00	
84	5.700013e-03	0.000000e+00	
85	5.700023e-03	0.000000e+00	
86	5.700044e-03	0.000000e+00	
87	5.700085e-03	0.000000e+00	
88	5.700167e-03	0.000000e+00	
89	5.700331e-03	0.000000e+00	
90	5.700658e-03	0.000000e+00	
91	5.701314e-03	0.000000e+00	
92	5.702624e-03	0.000000e+00	
93	5.705246e-03	0.000000e+00	
94	5.710489e-03	0.000000e+00	
95	5.720974e-03	0.000000e+00	
96	5.741946e-03	0.000000e+00	
97	5.783889e-03	0.000000e+00	
98	5.867775e-03	0.000000e+00	
99	6.035547e-03	0.000000e+00	
100	6.235547e-03	0.000000e+00	
101	6.435547e-03	0.000000e+00	
102	6.635547e-03	0.000000e+00	
103	6.835547e-03	0.000000e+00	
104	7.035547e-03	0.000000e+00	
105	7.235547e-03	0.000000e+00	
106	7.435547e-03	0.000000e+00	
107	7.635547e-03	0.000000e+00	
108	7.835547e-03	0.000000e+00	
109	8.035547e-03	0.000000e+00	
110	8.235547e-03	0.000000e+00	
111	8.435547e-03	0.000000e+00	
112	8.635547e-03	0.000000e+00	

Index   time            v3#branch       
--------------------------------------------------------------------------------
113	8.835547e-03	0.000000e+00	
114	9.035547e-03	0.000000e+00	
115	9.235547e-03	0.000000e+00	
116	9.435547e-03	0.000000e+00	
117	9.635547e-03	0.000000e+00	
118	9.835547e-03	0.000000e+00	
119	1.000000e-02	0.000000e+00	
